0 1.16667
0 1.16667
0 1.16667
0 1.16667
0 1.16667
1 -3.72143
1 -2.02706
1 -1.99178
1 -1.93585
1 -1.9113
2 -9.69918
2 -5.92735
2 -5.91037
2 -5.89766
2 -5.87338
3 -15.6458
3 -9.90228
3 -9.89025
3 -9.80148
3 -9.62134
4 -21.6146
4 -13.8777
4 -13.8714
4 -13.8093
4 -13.7945
5 -27.5953
5 -17.8644
5 -17.861
5 -17.8557
5 -17.8114
6 -33.5813
6 -21.8562
6 -21.85
6 -21.6665
6 -21.5066
7 -39.5709
7 -25.8556
7 -25.7496
7 -25.7407
7 -25.7243
8 -45.5628
8 -29.8561
8 -29.8434
8 -29.8266
8 -29.6115
9 -51.5565
9 -33.8489
9 -33.7702
9 -33.7354
9 -33.5919
10 -57.5512
10 -37.8573
10 -37.8163
10 -37.7031
10 -37.3464
11 -63.5469
11 -41.8438
11 -41.7994
11 -41.5637
11 -41.5415
12 -69.5432
12 -45.8533
12 -45.7571
12 -45.6647
12 -45.5985
13 -75.5401
13 -49.8505
13 -49.8128
13 -49.8083
13 -49.6449
14 -81.5351
14 -53.8477
14 -53.7672
14 -53.7051
14 -53.6143
15 -87.535
15 -57.8477
15 -57.8404
15 -57.7457
15 -57.7373
16 -93.5323
16 -61.8458
16 -61.7895
16 -61.7728
16 -61.4507
17 -99.531
17 -65.8421
17 -65.8298
17 -65.782
17 -65.603
18 -105.529
18 -69.8458
18 -69.8421
18 -69.8057
18 -69.7782
19 -111.528
19 -73.8442
19 -73.8424
19 -73.7739
19 -73.534
20 -117.353
20 -77.8411
20 -77.8264
20 -77.6752
20 -77.5508
