0 55 1.31674e-33
0 15 1.48664e-31
0 7 0.289455
0 15 8.93739e-32
0 7 0.414901
0 7 0.193362
0 23 5.90339e-32
0 15 3.14418e-31
0 7 0.102281
0 23 3.02921e-32
1 55 0.0153383
1 15 0.10285
1 7 0.144943
1 15 0.118199
1 7 0.160518
1 7 0.169404
1 23 0.0483685
1 15 0.112513
1 7 0.0874134
1 23 0.0404525
2 55 0.0261559
2 15 0.114626
2 7 0.136792
2 15 0.12615
2 7 0.13678
2 7 0.150554
2 23 0.0541493
2 15 0.126099
2 7 0.0745192
2 23 0.0541741
3 55 0.033583
3 15 0.118164
3 7 0.132486
3 15 0.127341
3 7 0.13246
3 7 0.142869
3 23 0.0573438
3 15 0.127322
3 7 0.0712336
3 23 0.0571982
4 55 0.0381787
4 15 0.118881
4 7 0.130241
4 15 0.127573
4 7 0.130253
4 7 0.139535
4 23 0.0594394
4 15 0.127582
4 7 0.069254
4 23 0.0590631
5 55 0.0422064
5 15 0.121041
5 7 0.129569
5 15 0.127215
5 7 0.129381
5 7 0.136192
5 23 0.0597058
5 15 0.127113
5 7 0.0680914
5 23 0.059485
6 55 0.0447922
6 15 0.121557
6 7 0.128644
6 15 0.127142
6 7 0.128615
6 7 0.13452
6 23 0.0601861
6 15 0.127143
6 7 0.0672088
6 23 0.0601919
7 55 0.0468531
7 15 0.121901
7 7 0.128056
7 15 0.127002
7 7 0.127962
7 7 0.13342
7 23 0.0606589
7 15 0.126939
7 7 0.0665893
7 23 0.060618
8 55 0.0484781
8 15 0.122345
8 7 0.127678
8 15 0.126745
8 7 0.127654
8 7 0.132294
8 23 0.060921
8 15 0.126853
8 7 0.0661661
8 23 0.0608656
9 55 0.0497689
9 15 0.122638
9 7 0.127336
9 15 0.126719
9 7 0.127315
9 7 0.131572
9 23 0.0611018
9 15 0.126714
9 7 0.0657492
9 23 0.061086
10 55 0.0507752
10 15 0.122755
10 7 0.127033
10 15 0.126653
10 7 0.127057
10 7 0.131001
10 23 0.0612947
10 15 0.126666
10 7 0.0654648
10 23 0.0613004
11 55 0.0517801
11 15 0.123109
11 7 0.126948
11 15 0.126456
11 7 0.12696
11 7 0.130411
11 23 0.0613571
11 15 0.126444
11 7 0.0651836
11 23 0.0613508
12 55 0.052321
12 15 0.123193
12 7 0.126765
12 15 0.12646
12 7 0.126734
12 7 0.130084
12 23 0.0615124
12 15 0.126404
12 7 0.0649955
12 23 0.0615309
13 55 0.0532939
13 15 0.123381
13 7 0.126576
13 15 0.12629
13 7 0.126612
13 7 0.129605
13 23 0.0615799
13 15 0.126293
13 7 0.0648016
13 23 0.0615675
14 55 0.0535896
14 15 0.124001
14 7 0.126928
14 15 0.125829
14 7 0.126913
14 7 0.128971
14 23 0.0615524
14 15 0.126109
14 7 0.064687
14 23 0.0614201
15 55 0.0542075
15 15 0.123573
15 7 0.126358
15 15 0.126232
15 7 0.126293
15 7 0.129089
15 23 0.0617635
15 15 0.126239
15 7 0.0645098
15 23 0.0617356
16 55 0.0550953
16 15 0.123717
16 7 0.126481
16 15 0.126084
16 7 0.126451
16 7 0.128603
16 23 0.0616562
16 15 0.125907
16 7 0.0642041
16 23 0.0618013
17 55 0.0552537
17 15 0.123734
17 7 0.1262
17 15 0.126114
17 7 0.126178
17 7 0.128567
17 23 0.0617843
17 15 0.126015
17 7 0.0643078
17 23 0.0618463
18 55 0.0553551
18 15 0.123852
18 7 0.126241
18 15 0.125951
18 7 0.126266
18 7 0.12846
18 23 0.061868
18 15 0.125977
18 7 0.0641877
18 23 0.0618425
19 55 0.0557429
19 15 0.123874
19 7 0.126095
19 15 0.1259
19 7 0.126021
19 7 0.128299
19 23 0.0619939
19 15 0.126014
19 7 0.0640477
19 23 0.0620138
20 55 0.055876
20 15 0.121752
20 7 0.126782
20 15 0.128418
20 7 0.125014
20 7 0.129837
20 23 0.0610779
20 15 0.126062
20 7 0.0629755
20 23 0.0622047
